1.099220267333420992e+09
0.000000000000000000e+00
0.000000000000000000e+00
0.000000000000000000e+00
0.000000000000000000e+00
0.000000000000000000e+00
0.000000000000000000e+00
0.000000000000000000e+00
0.000000000000000000e+00
0.000000000000000000e+00
8.034298278860871494e+07
8.657105592116481066e+07
1.885896577962309122e+07
9.285258301015527546e+07
5.134619178007592261e+07
4.343094920675434917e+07
6.644256396475452185e+07
4.515125500120333396e+06
5.891602442141173780e+07
4.085977006961355358e+07
2.638399595358642191e+07
5.425147511219597608e+07
1.169135997996638902e+07
4.162337415591105819e+07
3.802379770517566800e+07
1.254861791529831290e+07
4.189871052546057105e+07
1.494069263672877289e+07
2.825056916240029782e+07
2.857934172048399225e+07
1.786888970745600015e+07
4.720875061136398464e+07
2.615587136510709301e+07
1.884226686033843458e+07
3.188262543745471910e+07
3.630952990589325316e+06
3.130613373392890021e+07
2.186535509691731259e+07
1.504540195704058744e+07
3.077239473539424688e+07
6.496691680662420578e+06
2.518920018321642652e+07
2.390522534026193246e+07
9.457900613840803504e+06
2.678000661426562443e+07
9.901509894409073517e+06
1.905824678491337597e+07
2.198924764307670295e+07
5.759113648700733669e+06
2.565470559196944535e+07
1.439280556215758994e+07
1.375046432402298599e+07
2.188352933242808655e+07
1.582909505084341159e+06
2.086889141614170372e+07
1.516697357744952291e+07
9.857493326394492760e+06
2.120681188537847623e+07
4.817530370614088140e+06
1.748590804441161454e+07
1.688326324476729333e+07
4.682527207937572151e+06
1.811945934608266130e+07
6.170890210748227313e+06
1.495401752801488526e+07
1.719410940808092430e+07
2.357252539534507319e+06
1.820259648916083947e+07
1.025594760649555176e+07
1.054146840906671621e+07
1.706608578360440955e+07
1.587809621910278453e+06
1.521554186887676269e+07
1.127478927745108120e+07
7.659688162479615770e+06
1.631444447300798260e+07
3.506037141668949742e+06
1.474833659665281512e+07
1.506990937100371905e+07
2.398352501892009750e+06
1.306883778295985050e+07
4.800670565035918728e+06
1.102712580137107521e+07
1.270830264699410647e+07
2.559470984744043089e+06
1.454781947437813133e+07
7.932191959883694537e+06
8.666026571568105370e+06
1.359810184393764287e+07
8.540423903359384276e+05
1.308915273331757076e+07
9.893547744694685563e+06
5.749505143251228146e+06
1.309406121421614848e+07
2.903731196887968108e+06
1.117204612095586397e+07
1.059968121032626554e+07
3.750237917654917110e+06
1.292589979644800909e+07
5.178151589428651147e+06
9.051111098992519081e+06
1.097555891397844441e+07
1.820576699048149399e+06
1.244841357765683159e+07
7.024797169269008562e+06
7.226774838126854971e+06
1.161271370875464752e+07
5.070443912359735114e+05
1.150024911616610363e+07
8.829168076971696690e+06
4.855396408829072490e+06
1.162077058194914088e+07
2.983086848624507897e+06
9.508833712007965893e+06
9.261487970744026825e+06
3.273526436135622673e+06
1.161224978030698374e+07
4.952701517503873445e+06
7.930899807792277075e+06
1.015596792699925788e+07
1.126009909568243893e+06
1.090730314019083418e+07
6.709644177814203314e+06
5.951065003016095608e+06
1.054987433394788764e+07
1.623002041877507698e+06
9.187855175136556849e+06
7.225557696409184486e+06
4.646398352113232948e+06
1.093217746766028181e+07
3.630219088434975129e+06
7.540072189912006259e+06
8.017466209000289440e+06
2.437990124922215007e+06
9.736331038642209023e+06
4.213744826912701130e+06
6.885746702193322591e+06
8.910236388777989894e+06
6.644972483999202959e+05
9.154867295891849324e+06
5.372308755501932465e+06
5.823527553637286648e+06
9.773032767731890082e+06
1.613768393647731049e+06
7.997607802884853445e+06
6.376651342621454969e+06
4.052255392030288931e+06
9.426493216076403856e+06
2.706916581280241255e+06
7.271432127325290814e+06
7.411202291551880538e+06
2.345743969585987274e+06
8.953558881643183529e+06
3.751209020637711976e+06
6.614948094393795356e+06
8.344107866943915375e+06
7.840532095770090818e+05
8.897382775832504034e+06
5.487694801006091759e+06
4.942920813686163165e+06
8.785327521134827286e+06
1.204015290509578772e+06
7.805479826605305076e+06
6.419310150583636947e+06
3.368801989566039294e+06
8.632728682054055855e+06
2.517270781162934843e+06
6.861929800133872777e+06
7.131010073687482625e+06
2.056020703321912559e+06
8.658696548034029081e+06
4.083592137144744396e+06
5.627392053666818887e+06
7.794057422927225009e+06
3.823172987364163273e+05
7.860695431968783960e+06
5.064929992386031896e+06
4.327411330880521797e+06
7.834238923196732067e+06
9.363534570528477198e+05
7.224848879743698984e+06
5.703547226510162465e+06
3.661028702981062699e+06
8.664428790881909430e+06
2.857722344185325783e+06
6.221747958537942730e+06
6.822296907491293736e+06
1.536963731181431795e+06
7.479407260383055545e+06
3.172766179943058640e+06
6.207455551793564111e+06
7.794078827986262739e+06
4.619741425622050883e+05
8.058458545645430684e+06
5.262828106694690883e+06
4.292260086018443108e+06
8.198005385095546953e+06
1.442465402261068812e+06
7.318325901882514358e+06
7.057850687596204691e+06
1.375218772345512640e+06
6.718092428198744543e+06
2.291737256562300958e+06
5.515155698111533187e+06
5.840993488433840685e+06
1.996490727796548512e+06
7.685404125838386826e+06
3.602625864392680582e+06
5.024906249008834362e+06
6.907193477119620889e+06
4.305284006481167744e+05
7.351070783118056133e+06
4.788129907472749241e+06
3.980294482333416585e+06
7.375448966271867044e+06
1.032321143942332594e+06
6.794827437086099759e+06
5.879768026586653665e+06
2.524793315512786154e+06
7.257586203853123821e+06
2.201121188946926966e+06
5.936398058336480521e+06
6.341282423555562273e+06
1.629261203520170180e+06
7.586655672581158578e+06
3.743162351926351432e+06
4.880082918716246262e+06
7.020035460228278302e+06
7.916168736984150019e+04
6.962192054468844086e+06
4.664451648531430401e+06
3.811384991392156109e+06
7.239663162082834169e+06
1.113703096243496751e+06
6.525530140709660016e+06
5.567794194436516613e+06
2.853194239204961807e+06
7.797555628119063564e+06
2.907562321128006559e+06
5.365205187592400238e+06
6.200173560004170053e+06
1.395996768413197482e+06
7.354690042624806985e+06
3.819162769067974761e+06
4.593135190895590000e+06
6.836049232977933250e+06
4.015122826427596010e+04
6.822164947035471909e+06
4.697578700272239745e+06
3.643597388633351773e+06
7.225479942840322852e+06
1.416929624824674102e+06
6.110367982585457154e+06
5.416198595298608765e+06
2.581147328790820204e+06
