0.000000000000000000e+00
0.000000000000000000e+00
0.000000000000000000e+00
0.000000000000000000e+00
0.000000000000000000e+00
0.000000000000000000e+00
0.000000000000000000e+00
0.000000000000000000e+00
0.000000000000000000e+00
0.000000000000000000e+00
0.000000000000000000e+00
0.000000000000000000e+00
0.000000000000000000e+00
0.000000000000000000e+00
0.000000000000000000e+00
0.000000000000000000e+00
0.000000000000000000e+00
0.000000000000000000e+00
0.000000000000000000e+00
0.000000000000000000e+00
0.000000000000000000e+00
0.000000000000000000e+00
0.000000000000000000e+00
0.000000000000000000e+00
0.000000000000000000e+00
0.000000000000000000e+00
0.000000000000000000e+00
0.000000000000000000e+00
2.795700828971670866e+08
3.014815686469702721e+08
2.795700828971670866e+08
3.014815686469702721e+08
3.030740157728779316e+08
3.014815686469702721e+08
3.030740157728779316e+08
3.014815686469702721e+08
3.014815686469702721e+08
3.036288891392705441e+08
2.795700828971670866e+08
2.795700828971670866e+08
2.795700828971670866e+08
2.692661907168673277e+08
2.692661907168673277e+08
2.222763656948732734e+08
2.222763656948732734e+08
2.256421918026462495e+08
2.207204175663229525e+08
2.207204175663229525e+08
2.152560773342086375e+08
2.128789405534400344e+08
2.152560773342086375e+08
2.054743188093417585e+08
2.054743188093417585e+08
2.020724661403159797e+08
1.892778584791132808e+08
2.020724661403159797e+08
1.811132327979817986e+08
1.811132327979817986e+08
1.811132327979817986e+08
1.785133303703627586e+08
1.785133303703627586e+08
1.683613575258726478e+08
1.683613575258726478e+08
1.687652392386618555e+08
1.619284803745419383e+08
1.619284803745419383e+08
1.503678600913190246e+08
1.489905083370994329e+08
1.503678600913190246e+08
1.477207888764673173e+08
1.477207888764673173e+08
1.457367911224578023e+08
1.440527470387758315e+08
1.457367911224578023e+08
1.432965470445051193e+08
1.432965470445051193e+08
1.413089070294191837e+08
1.345302823522144258e+08
1.382334928992981017e+08
1.302075482181276232e+08
1.302075482181276232e+08
1.382334928992981017e+08
1.302075482181276232e+08
1.302075482181276232e+08
1.289892463648053408e+08
1.280456780629089624e+08
1.280456780629089624e+08
1.220828084663759023e+08
1.220828084663759023e+08
1.167690260832630694e+08
1.167036294476403296e+08
1.167690260832630694e+08
1.140970467828981429e+08
1.140970467828981429e+08
1.140970467828981429e+08
1.130986789623757899e+08
1.140970467828981429e+08
1.130986789623757899e+08
1.108381498909238577e+08
1.108381498909238577e+08
1.103939905870563984e+08
1.103939905870563984e+08
1.089066137232046425e+08
1.089066137232046425e+08
1.093396452994863987e+08
1.076533227278009802e+08
1.076533227278009802e+08
1.042081959805544466e+08
1.021915332195222676e+08
1.042081959805544466e+08
1.020622768870964050e+08
1.020622768870964050e+08
1.020622768870964050e+08
9.905739022049255669e+07
1.020622768870964050e+08
9.905739022049255669e+07
9.720442341433438659e+07
9.720442341433438659e+07
9.159615347589710355e+07
9.159615347589710355e+07
9.154107313056468964e+07
9.154107313056468964e+07
9.159615347589710355e+07
9.091834766472417116e+07
9.091834766472417116e+07
9.040473420207381248e+07
8.975500977680861950e+07
9.040473420207381248e+07
8.794406124462288618e+07
8.794406124462288618e+07
8.794406124462288618e+07
8.775139530810537934e+07
8.794406124462288618e+07
8.775139530810537934e+07
8.775139530810537934e+07
8.775139530810537934e+07
8.637770788770252466e+07
8.637770788770252466e+07
8.510950643861548603e+07
8.510950643861548603e+07
8.637770788770252466e+07
8.412260392957490683e+07
8.412260392957490683e+07
8.412260392957490683e+07
8.412260392957490683e+07
8.510950643861548603e+07
8.412260392957490683e+07
8.407492458099944890e+07
8.407492458099944890e+07
8.270868343376649916e+07
8.407492458099944890e+07
8.270868343376649916e+07
8.237977452615523338e+07
8.237977452615523338e+07
7.829647054751682281e+07
8.052995740043425560e+07
7.829647054751682281e+07
7.829647054751682281e+07
8.052995740043425560e+07
7.813048535994242132e+07
7.813048535994242132e+07
7.511290968340905011e+07
7.511290968340905011e+07
7.813048535994242132e+07
7.511290968340905011e+07
7.511290968340905011e+07
7.511290968340905011e+07
7.483093420862469077e+07
7.511290968340905011e+07
7.483093420862469077e+07
7.483093420862469077e+07
7.483093420862469077e+07
7.309663649717184901e+07
7.410334423331506550e+07
7.309663649717184901e+07
7.239220669219912589e+07
7.309663649717184901e+07
7.239220669219912589e+07
7.309663649717184901e+07
7.151353138889992237e+07
7.151353138889992237e+07
7.309663649717184901e+07
7.028748797816540301e+07
7.028748797816540301e+07
7.028748797816540301e+07
6.991680888593491912e+07
7.028748797816540301e+07
6.991680888593491912e+07
6.991680888593491912e+07
7.028748797816540301e+07
6.991680888593491912e+07
7.028748797816540301e+07
6.991680888593491912e+07
6.991680888593491912e+07
6.991680888593491912e+07
6.801732837721019983e+07
6.801732837721019983e+07
6.740699577971595526e+07
6.740699577971595526e+07
6.801732837721019983e+07
6.801732837721019983e+07
6.878096358518104255e+07
6.878096358518104255e+07
6.878096358518104255e+07
6.878096358518104255e+07
6.801732837721019983e+07
6.801732837721019983e+07
6.801732837721019983e+07
6.668133580762177706e+07
6.740699577971595526e+07
6.668133580762177706e+07
6.668133580762177706e+07
6.740699577971595526e+07
6.565238825968493521e+07
6.565238825968493521e+07
6.381973115171653032e+07
6.381973115171653032e+07
6.668133580762177706e+07
6.381973115171653032e+07
6.565238825968493521e+07
6.565238825968493521e+07
6.565238825968493521e+07
6.668133580762177706e+07
6.565238825968493521e+07
6.565238825968493521e+07
6.565238825968493521e+07
6.367033317505930364e+07
6.367033317505930364e+07
0.000000000000000000e+00
0.000000000000000000e+00
0.000000000000000000e+00
0.000000000000000000e+00
0.000000000000000000e+00
0.000000000000000000e+00
0.000000000000000000e+00
0.000000000000000000e+00
0.000000000000000000e+00
0.000000000000000000e+00
0.000000000000000000e+00
0.000000000000000000e+00
0.000000000000000000e+00
0.000000000000000000e+00
0.000000000000000000e+00
0.000000000000000000e+00
0.000000000000000000e+00
0.000000000000000000e+00
0.000000000000000000e+00
0.000000000000000000e+00
0.000000000000000000e+00
0.000000000000000000e+00
0.000000000000000000e+00
0.000000000000000000e+00
0.000000000000000000e+00
0.000000000000000000e+00
0.000000000000000000e+00
